{
  "advancedEditorSelectedIdentifier" : "ProjectBrowser",
  "openSceneRelativePaths" : [
    "Immersive.usda"
  ],
  "recentIdentifiers" : {
    "AF09ED6F-1707-48FD-8720-65B998362C09" : [

    ]
  },
  "sceneCameraHistory" : {
    "AF09ED6F-1707-48FD-8720-65B998362C09" : [
      {
        "date" : 786031659.691652,
        "title" : "Untitled",
        "transform" : [
          0.9996729,
          -4.061761e-07,
          -0.025577059,
          0,
          -0.01400835,
          0.8366713,
          -0.5475261,
          0,
          0.02139981,
          0.5477053,
          0.8363975,
          0,
          -0.0730007,
          1.324384,
          -0.8103415,
          1
        ]
      },
      {
        "date" : 786031608.83436,
        "title" : "Untitled",
        "transform" : [
          0.24866286,
          -7.679522e-05,
          -0.96859,
          0,
          -0.7520992,
          0.6301158,
          -0.19313388,
          0,
          0.6103388,
          0.7765011,
          0.15662867,
          0,
          0.7249024,
          1.7233584,
          -1.3268445,
          1
        ]
      },
      {
        "date" : 786031112.212037,
        "title" : "Untitled",
        "transform" : [
          0.9958801,
          -7.67934e-05,
          -0.0906788,
          0,
          -0.051525522,
          0.8223972,
          -0.5665756,
          0,
          0.07461751,
          0.5689137,
          0.81900513,
          0,
          -0.13604185,
          1.4619671,
          -0.71175754,
          1
        ]
      },
      {
        "date" : 786029894.405277,
        "title" : "Untitled",
        "transform" : [
          0.9999397,
          8.0524293e-10,
          -0.010983717,
          0,
          -0.006611106,
          0.79857105,
          -0.6018643,
          0,
          0.008771277,
          0.6019006,
          0.79852283,
          0,
          -0.13604185,
          1.4619671,
          -0.71175754,
          1
        ]
      },
      {
        "date" : 786029885.724806,
        "title" : "Untitled",
        "transform" : [
          0.4325521,
          0.00015370942,
          -0.901609,
          0,
          -0.5754551,
          0.7698733,
          -0.27594665,
          0,
          0.69408226,
          0.63819677,
          0.33309874,
          0,
          0.55749,
          1.4046195,
          -0.9234752,
          1
        ]
      },
      {
        "date" : 786026641.034201,
        "title" : "Untitled",
        "transform" : [
          0.9982395,
          6.569674e-06,
          -0.05931059,
          0,
          -0.03601132,
          0.7946428,
          -0.6060082,
          0,
          0.04712675,
          0.60707724,
          0.7932441,
          0,
          0.071456164,
          1.4088517,
          -0.21241292,
          1
        ]
      },
      {
        "date" : 786026499.544592,
        "title" : "Untitled",
        "transform" : [
          0.9982396,
          6.5731547e-06,
          -0.05931059,
          0,
          -0.03601132,
          0.79464287,
          -0.6060082,
          0,
          0.047126755,
          0.6070772,
          0.79324424,
          0,
          -0.09239359,
          1.4153235,
          -0.5061864,
          1
        ]
      },
      {
        "date" : 786026474.050618,
        "title" : "Untitled",
        "transform" : [
          0.99933213,
          5.866241e-11,
          0.03654189,
          0,
          -0.0057416456,
          0.98757875,
          0.15702009,
          0,
          -0.03608799,
          -0.15712503,
          0.9869191,
          0,
          -0.11063975,
          0.80013007,
          -0.59518355,
          1
        ]
      },
      {
        "date" : 786026441.401316,
        "title" : "Untitled",
        "transform" : [
          0.998819,
          4.6932463e-10,
          0.04858653,
          0,
          -0.014652697,
          0.953441,
          0.30122325,
          0,
          -0.046324387,
          -0.30157942,
          0.952315,
          0,
          -0.113479055,
          0.7864656,
          -0.46168628,
          1
        ]
      },
      {
        "date" : 786026426.973739,
        "title" : "Untitled",
        "transform" : [
          0.98111445,
          -3.152532e-09,
          -0.19342843,
          0,
          -0.029945696,
          0.9879434,
          -0.15189162,
          0,
          0.19109635,
          0.1548154,
          0.96928555,
          0,
          -0.11454664,
          0.90247124,
          -0.82203126,
          1
        ]
      }
    ]
  },
  "sceneViewportBackgroundColors" : {

  }
}