{
  "advancedEditorSelectedIdentifier" : "ProjectBrowser",
  "openSceneRelativePaths" : [
    "Immersive.usda"
  ],
  "recentIdentifiers" : {
    "AF09ED6F-1707-48FD-8720-65B998362C09" : [

    ]
  },
  "sceneCameraHistory" : {
    "AF09ED6F-1707-48FD-8720-65B998362C09" : [
      {
        "date" : 785594627.116675,
        "title" : "Untitled",
        "transform" : [
          0.9984352,
          -3.5401954e-10,
          -0.05592107,
          0,
          -0.01273699,
          0.97371554,
          -0.22741088,
          0,
          0.054451212,
          0.22776729,
          0.9721919,
          0,
          0.080191664,
          1.0758616,
          -0.16314411,
          1
        ]
      },
      {
        "date" : 785593242.095463,
        "title" : "Untitled",
        "transform" : [
          0.97952986,
          6.480585e-10,
          -0.20129889,
          0,
          -0.108849086,
          0.8411939,
          -0.5296647,
          0,
          0.1693314,
          0.5407336,
          0.82397455,
          0,
          0.080191664,
          1.0758616,
          -0.16314411,
          1
        ]
      },
      {
        "date" : 785593079.107833,
        "title" : "Untitled",
        "transform" : [
          0.9999574,
          -2.3388402e-11,
          -0.00923127,
          0,
          -0.0038867227,
          0.9070427,
          -0.4210208,
          0,
          0.008373156,
          0.42103872,
          0.907004,
          0,
          -0.13799068,
          0.88336015,
          -0.508571,
          1
        ]
      },
      {
        "date" : 785593072.427999,
        "title" : "Untitled",
        "transform" : [
          0.9702384,
          -0.0001229016,
          -0.24215157,
          0,
          -0.1722046,
          0.7026964,
          -0.6903357,
          0,
          0.17024389,
          0.7114898,
          0.68176186,
          0,
          -0.3552511,
          0.740237,
          0.27813905,
          1
        ]
      },
      {
        "date" : 785593067.043216,
        "title" : "Untitled",
        "transform" : [
          0.9979763,
          5.332567e-07,
          -0.06358575,
          0,
          -0.009657819,
          0.98839927,
          -0.15157011,
          0,
          0.06284816,
          0.15187757,
          0.98639923,
          0,
          -0.83674204,
          -0.009889007,
          0.7525165,
          1
        ]
      },
      {
        "date" : 785593062.446612,
        "title" : "Untitled",
        "transform" : [
          -0.78409266,
          5.309008e-07,
          0.62064385,
          0,
          0.28093877,
          0.8916851,
          0.35492426,
          0,
          -0.5534187,
          0.4526564,
          -0.6991638,
          0,
          -0.7436259,
          0.7176259,
          -3.9325483,
          1
        ]
      },
      {
        "date" : 785593054.377761,
        "title" : "Untitled",
        "transform" : [
          -0.7294287,
          5.1180564e-07,
          0.6840569,
          0,
          0.57094306,
          0.55079204,
          0.608812,
          0,
          -0.37677276,
          0.8346424,
          -0.4017638,
          0,
          -0.49084955,
          1.7887514,
          -3.379988,
          1
        ]
      },
      {
        "date" : 785593041.900184,
        "title" : "Untitled",
        "transform" : [
          0.98734957,
          2.2741062e-09,
          0.15855876,
          0,
          0.045739185,
          0.95748943,
          -0.28481913,
          0,
          -0.15181834,
          0.28846836,
          0.94537675,
          0,
          0.021175765,
          1.124648,
          -0.42153764,
          1
        ]
      },
      {
        "date" : 785593002.732905,
        "title" : "Untitled",
        "transform" : [
          0.999873,
          -1.5180068e-10,
          0.015935471,
          0,
          0.007840948,
          0.87057054,
          -0.4919812,
          0,
          -0.013872948,
          0.4920437,
          0.87046,
          0,
          0.021175765,
          1.124648,
          -0.42153764,
          1
        ]
      },
      {
        "date" : 785592984.075192,
        "title" : "Untitled",
        "transform" : [
          0.9984537,
          -3.43926e-11,
          0.05559002,
          0,
          0.015658852,
          0.95950705,
          -0.28124902,
          0,
          -0.053339012,
          0.2816846,
          0.95802337,
          0,
          -0.06903051,
          0.6438372,
          -0.22139674,
          1
        ]
      }
    ]
  },
  "sceneViewportBackgroundColors" : {

  }
}