{
  "advancedEditorSelectedIdentifier" : "ProjectBrowser",
  "openSceneRelativePaths" : [
    "Immersive.usda"
  ],
  "recentIdentifiers" : {
    "AF09ED6F-1707-48FD-8720-65B998362C09" : [

    ]
  },
  "sceneCameraHistory" : {
    "AF09ED6F-1707-48FD-8720-65B998362C09" : [
      {
        "date" : 786018230.831685,
        "title" : "Untitled",
        "transform" : [
          0.992313,
          4.447718e-09,
          -0.12375337,
          0,
          -0.07138359,
          0.81687033,
          -0.57238734,
          0,
          0.10109046,
          0.5768213,
          0.810591,
          0,
          0.21623218,
          1.310838,
          0.2580519,
          1
        ]
      },
      {
        "date" : 786015795.149513,
        "title" : "Untitled",
        "transform" : [
          0.992313,
          -5.376827e-10,
          -0.12375338,
          0,
          -0.07138358,
          0.8168704,
          -0.57238734,
          0,
          0.10109046,
          0.5768213,
          0.8105911,
          0,
          0.05953397,
          0.31963563,
          0.48097676,
          1
        ]
      },
      {
        "date" : 786015789.237374,
        "title" : "Untitled",
        "transform" : [
          0.99288934,
          -1.2897017e-10,
          -0.11904126,
          0,
          -0.018888894,
          0.98733073,
          -0.15754694,
          0,
          0.11753301,
          0.15867518,
          0.98031014,
          0,
          -0.21952912,
          0.45673212,
          0.17478871,
          1
        ]
      },
      {
        "date" : 786015448.38896,
        "title" : "Untitled",
        "transform" : [
          0.8969174,
          4.1630832e-10,
          -0.44219816,
          0,
          -0.22549473,
          0.8602096,
          -0.45737448,
          0,
          0.38038304,
          0.50994045,
          0.771537,
          0,
          0.53705823,
          1.467814,
          -0.42614436,
          1
        ]
      },
      {
        "date" : 785594627.116675,
        "title" : "Untitled",
        "transform" : [
          0.9984352,
          -3.5401954e-10,
          -0.05592107,
          0,
          -0.01273699,
          0.97371554,
          -0.22741088,
          0,
          0.054451212,
          0.22776729,
          0.9721919,
          0,
          0.080191664,
          1.0758616,
          -0.16314411,
          1
        ]
      },
      {
        "date" : 785593242.095463,
        "title" : "Untitled",
        "transform" : [
          0.97952986,
          6.480585e-10,
          -0.20129889,
          0,
          -0.108849086,
          0.8411939,
          -0.5296647,
          0,
          0.1693314,
          0.5407336,
          0.82397455,
          0,
          0.080191664,
          1.0758616,
          -0.16314411,
          1
        ]
      },
      {
        "date" : 785593079.107833,
        "title" : "Untitled",
        "transform" : [
          0.9999574,
          -2.3388402e-11,
          -0.00923127,
          0,
          -0.0038867227,
          0.9070427,
          -0.4210208,
          0,
          0.008373156,
          0.42103872,
          0.907004,
          0,
          -0.13799068,
          0.88336015,
          -0.508571,
          1
        ]
      },
      {
        "date" : 785593072.427999,
        "title" : "Untitled",
        "transform" : [
          0.9702384,
          -0.0001229016,
          -0.24215157,
          0,
          -0.1722046,
          0.7026964,
          -0.6903357,
          0,
          0.17024389,
          0.7114898,
          0.68176186,
          0,
          -0.3552511,
          0.740237,
          0.27813905,
          1
        ]
      },
      {
        "date" : 785593067.043216,
        "title" : "Untitled",
        "transform" : [
          0.9979763,
          5.332567e-07,
          -0.06358575,
          0,
          -0.009657819,
          0.98839927,
          -0.15157011,
          0,
          0.06284816,
          0.15187757,
          0.98639923,
          0,
          -0.83674204,
          -0.009889007,
          0.7525165,
          1
        ]
      },
      {
        "date" : 785593062.446612,
        "title" : "Untitled",
        "transform" : [
          -0.78409266,
          5.309008e-07,
          0.62064385,
          0,
          0.28093877,
          0.8916851,
          0.35492426,
          0,
          -0.5534187,
          0.4526564,
          -0.6991638,
          0,
          -0.7436259,
          0.7176259,
          -3.9325483,
          1
        ]
      }
    ]
  },
  "sceneViewportBackgroundColors" : {

  }
}