{
  "advancedEditorSelectedIdentifier" : "ProjectBrowser",
  "openSceneRelativePaths" : [
    "Immersive.usda"
  ],
  "recentIdentifiers" : {
    "AF09ED6F-1707-48FD-8720-65B998362C09" : [

    ]
  },
  "sceneCameraHistory" : {
    "AF09ED6F-1707-48FD-8720-65B998362C09" : [
      {
        "date" : 785413409.314202,
        "title" : "Untitled",
        "transform" : [
          0.45123845,
          -1.8520758e-09,
          0.89240336,
          0,
          0.35381868,
          0.9180441,
          -0.1789063,
          0,
          -0.8192656,
          0.39647838,
          0.41425675,
          0,
          -1.4244183,
          0.89799047,
          0.35942808,
          1
        ]
      },
      {
        "date" : 785413241.277621,
        "title" : "Untitled",
        "transform" : [
          -0.3656321,
          -1.7767308e-08,
          0.9307595,
          0,
          0.3906608,
          0.9076524,
          0.15346408,
          0,
          -0.844806,
          0.4197226,
          -0.33186683,
          0,
          -1.3296553,
          0.7932651,
          -0.63782895,
          1
        ]
      },
      {
        "date" : 785413233.749454,
        "title" : "Untitled",
        "transform" : [
          -0.58662546,
          -5.2040065e-08,
          0.8098584,
          0,
          -0.42735177,
          0.8494388,
          -0.3095546,
          0,
          -0.6879251,
          -0.5276871,
          -0.4983025,
          0,
          -0.89770687,
          0.15111907,
          -0.5526941,
          1
        ]
      },
      {
        "date" : 785413223.598793,
        "title" : "Untitled",
        "transform" : [
          -0.6100235,
          -5.1816485e-08,
          0.7923833,
          0,
          -0.39341947,
          0.8680358,
          -0.30287755,
          0,
          -0.68781704,
          -0.49650145,
          -0.5295223,
          0,
          -0.89948124,
          0.1678987,
          -0.5708608,
          1
        ]
      },
      {
        "date" : 785413208.632225,
        "title" : "Untitled",
        "transform" : [
          0.8758189,
          2.6117515e-08,
          0.48263997,
          0,
          -0.22864696,
          0.8806635,
          0.41491243,
          0,
          -0.42504334,
          -0.47374228,
          0.7713017,
          0,
          -0.5840319,
          0.024247574,
          0.99046713,
          1
        ]
      },
      {
        "date" : 785413202.64901,
        "title" : "Untitled",
        "transform" : [
          0.5533785,
          9.045199e-09,
          -0.8329299,
          0,
          0.28119248,
          0.94129175,
          0.1868175,
          0,
          0.78403,
          -0.33759442,
          0.5208906,
          0,
          0.94344926,
          0.17644128,
          0.68244195,
          1
        ]
      },
      {
        "date" : 785413183.748644,
        "title" : "Untitled",
        "transform" : [
          0.5533785,
          9.045199e-09,
          -0.8329299,
          0,
          0.28119248,
          0.94129175,
          0.1868175,
          0,
          0.78403,
          -0.33759442,
          0.5208906,
          0,
          0.8714217,
          0.20745552,
          0.6345886,
          1
        ]
      },
      {
        "date" : 785413163.576754,
        "title" : "Untitled",
        "transform" : [
          0.5514973,
          -4.8817633e-08,
          -0.8341768,
          0,
          -0.026398623,
          0.9994992,
          -0.017452955,
          0,
          0.83375895,
          0.031646088,
          0.5512211,
          0,
          1.091412,
          0.2598592,
          0.7554422,
          1
        ]
      },
      {
        "date" : 785413137.554677,
        "title" : "Untitled",
        "transform" : [
          0.5506816,
          -4.308493e-08,
          -0.8347154,
          0,
          -0.23209243,
          0.9605667,
          -0.15311699,
          0,
          0.8017998,
          0.27804956,
          0.5289665,
          0,
          1.0783724,
          0.5914372,
          0.7452858,
          1
        ]
      },
      {
        "date" : 785413128.883597,
        "title" : "Untitled",
        "transform" : [
          0.10361075,
          -4.028901e-08,
          -0.99461794,
          0,
          -0.60636175,
          0.7926762,
          -0.06316567,
          0,
          0.7884101,
          0.6096427,
          0.08212993,
          0,
          1.131917,
          1.0550992,
          0.14632809,
          1
        ]
      }
    ]
  },
  "sceneViewportBackgroundColors" : {

  }
}